 74.2   -45.1    -2.2    15.6    52.8   -80.2   -71.6    24.0
 16.9   -86.5   -23.1    65.0    20.2     3.6     3.8    13.8
-72.7   -98.6    -3.1    83.0    68.8    79.8   -21.2   -76.1
 -8.1    25.0    55.2    42.0   -85.7    12.0    36.7   -84.6
 10.7     8.0   -41.4    43.6   -16.5    45.4    56.6   -68.7
 17.1   -75.6    37.2   -98.2    48.5    21.7   -71.3     2.4
-59.5   -58.9   -34.2   -32.1    53.5   -97.1   -17.3   -89.9
 97.9   -63.2    59.7   -23.4   -40.4     0.7   -61.2   -93.2
 36.1     1.6    43.9   -60.7    27.0    95.2    23.5    59.6
-15.3     8.0   -43.4   -86.9   -95.1    27.3   -91.5    92.9
 22.8    11.0    25.3    81.7   -77.0     4.1    60.8   -41.8
-35.4   -58.3    53.3   -84.2    -4.5   -75.8    10.8   -22.1
 83.6   -56.3    51.2   -33.0   -60.4   -60.9    -1.7     1.6
 23.0    41.3   -80.8     9.8   -27.8    53.9   -23.4   -20.6
-84.6    13.9     7.5    85.6    88.0    63.9    78.4   -58.8
-59.6    40.5   -73.9    44.0    57.9    93.9   -76.5    48.3
 85.5   -74.1   -11.1    18.5    65.8    46.0   -69.5    -6.5
 24.1    13.1    27.7     2.9   -26.0   -33.5   -80.5    25.1
 32.4   -60.6    67.7    34.8    -8.2   -76.2   -71.5    44.5
-28.9   -74.6    97.5    46.7    60.0    14.3    14.2   -54.3
-42.0    61.8   -89.8   -47.5     0.2     3.6   -40.7   -64.3
 17.7    11.4    16.5   -48.0   -58.8     4.9    17.7    14.0
 62.9    85.8   -76.2   -63.4   -57.6   -66.2   -75.8    43.7
 -6.3    80.7   -39.4     4.1    31.4    71.6   -49.1   -34.3
 13.4   -43.9    39.9    95.5   -10.9   -65.5   -61.5    47.5
 83.5   -68.0   -51.2    46.9    -0.6     8.1    82.6    83.3
-89.1   -92.5    79.9    96.1   -35.4   -63.0   -40.4    28.5
-16.2    49.4    72.3    11.9     4.6   -37.6   -50.7   -85.2
 82.7    -5.1   -38.9    65.7    17.4    22.2   -77.8    26.2
 58.1    73.4    51.7   -30.7    86.0    69.2   -85.9   -55.1
-35.2    35.5    -2.3    92.2    96.7    42.7    20.5   -64.0
 37.7   -29.1    50.1    -2.0   -87.5    86.0    95.3    49.6
-29.3   -83.5    63.9     5.3   -91.1    72.7   -52.8   -82.2
-57.9   -88.8    76.1   -68.8   -24.1    97.3    78.3    50.6
 36.6    58.3    80.1     9.2    67.2    -8.8   -48.4    65.7
 33.1   -24.2    52.5    84.7   -24.4   -18.0     9.0   -61.3
 -2.5   -14.7   -56.9    40.6    85.8    58.6   -74.2   -89.0
 98.9    66.1    67.2    43.9   -64.1   -23.6   -73.4   -57.4
 50.4   -64.7   -40.4    42.8    51.7    42.1   -68.6   -55.0
-43.2   -58.2    38.4    43.9   -63.0    36.9   -16.1    27.2
 29.9    65.6   -85.6   -96.7   -33.2    93.3   -81.0   -98.8
-54.0   -60.4   -21.3   -98.4   -20.2    61.4   -93.0   -87.5
-12.3   -86.1    41.0    75.6   -58.6     7.6    15.9   -75.9
 82.0    54.2   -54.8   -28.8    42.2    82.2   -61.3     4.7
-42.0   -35.9    36.0    60.6    28.3   -96.9    -5.2   -10.4
-89.4    -1.0   -42.1    93.2    15.9    96.1    29.2    49.1
-41.0   -58.8   -48.7   -91.0    76.6   -27.7    63.0   -46.7
-81.1    -2.9    40.2   -22.9   -47.1   -62.2   -73.9   -68.4
 35.2   -18.6   -95.7   -58.4    91.4   -89.7    -9.6    26.7
-75.8   -27.0    27.5   -93.3    78.1   -16.0    89.3    38.4
 84.5    57.4    75.9   -58.9   -41.2   -36.2    53.8   -29.0
-62.0    37.2   -30.9    25.9   -61.2     2.5   -76.8   -32.9
 27.9   -60.4   -83.8    89.1     7.6    30.5    24.2   -78.1
 55.0   -87.7   -92.9    75.8   -45.4    29.6    45.9   -65.9
 14.3    63.6   -53.4     3.9   -97.2   -44.9     4.1    -8.1
 59.1    47.2   -35.2    71.4    50.0    37.7   -31.1    16.4
-18.1    67.1     8.0   -45.3   -21.1   -79.6   -68.0   -19.5
 45.5    17.8    96.4   -59.8    55.2    68.6   -50.3   -61.6
 39.7    52.1   -58.6   -18.7   -64.9    70.9     9.9    82.2
 61.8   -80.9   -73.3    39.6    10.7   -20.6    30.1   -96.6
-59.3     3.2   -21.3   -10.7   -50.0   -28.3    28.0    73.7
-47.8    85.6    77.6    88.7     6.3    85.1     8.5   -20.9
 12.7    84.3   -32.0   -52.1   -34.3     9.5    55.7     7.8
-38.1    50.0   -21.4    53.4    33.9    49.1    54.8    29.1
 24.2    46.6    64.8   -26.9    30.6    73.1    18.2    94.1
 54.3   -58.9   -20.0   -15.6   -48.2    58.0   -97.9   -16.2
  3.5   -21.3   -65.7    54.5   -38.4     4.1    44.9    -7.9
-56.0    66.8    58.8   -78.9    56.0   -58.7     5.0   -45.3
-15.5    76.6   -90.8   -15.4    62.8   -63.4   -22.5   -62.7
 50.4    67.2    91.2   -22.0   -19.0   -23.9    71.1   -48.7
-86.6    92.1    -5.9    18.4    13.1     0.9   -53.0   -79.1
 13.5    -2.0    50.4    27.9   -97.9     4.4    88.0    32.4
 17.7   -11.9   -33.1   -57.9    10.2    94.5    65.2   -37.5
 17.7    46.7   -52.6    72.5    71.4   -20.3   -39.5    79.6
 93.8     2.2    95.7    -5.3    26.3    49.9   -60.2   -37.2
 -4.1    -3.6   -56.0   -18.3    27.3   -35.8    86.7    66.2
-54.2   -43.7    17.3    57.7   -83.0   -24.3    48.8   -60.4
-40.5    15.2     8.6     3.2     5.6   -81.7    -2.7   -26.0
  2.5     1.0    88.3    65.8    -0.6    53.4    69.7    14.3
-84.0     0.4     7.4   -14.0    98.3   -94.6     6.6    36.7
-25.1   -31.8   -50.4    27.4   -51.7    -7.1   -78.2    53.7
-80.1    89.9   -72.9   -38.3    19.1   -64.9   -73.4   -74.9
  1.9    83.3     6.4   -23.1    85.2     8.6   -28.3    13.0
 99.0    -1.0   -56.1    76.9   -59.9     7.8   -94.5    42.4
 85.8    45.2    88.7    57.1   -81.9   -30.0   -98.9    92.1
 65.3    48.8   -34.3   -32.9   -85.0     1.6    81.9    40.2
-66.5   -22.7   -93.9   -47.9    76.6    34.1    97.7   -85.9
-68.8   -12.1   -94.9   -60.2    -6.0   -38.9    34.7   -80.0
 23.1    34.8   -47.8   -87.2   -45.8    41.7    81.5   -71.9
 12.5   -76.5   -86.6   -84.8   -81.4   -15.0   -85.7    82.5
 84.6    31.0    12.1    91.5   -83.6    97.7    66.2    10.9
 67.0   -87.0   -47.6   -74.9    56.1    40.1    64.7    29.0
-51.4    50.3   -66.3    73.3   -29.8   -55.9    28.0   -92.2
-87.9   -52.6     5.6    56.5     3.7    -9.9   -75.0    20.2
 43.5   -92.1   -71.7   -64.0   -52.7   -81.5   -59.9   -53.8
-40.4   -74.8   -56.2   -86.1    51.9    -6.3   -11.3   -93.8
 48.5    69.0    95.5    25.8     2.9    16.9    39.9    76.3
 64.4    45.1    89.8   -87.8   -85.6   -43.3    17.3    49.3
 15.3   -96.6   -92.9   -72.0    74.4   -86.5   -40.9   -58.9
-59.1   -46.7   -57.7    89.6    31.8   -38.6    66.5   -57.1
-46.2    49.1   -91.5   -76.4   -76.9   -80.5   -51.6    46.9
-63.4     7.8    56.7    31.0   -81.2    96.2    71.2    -9.6
-62.7    41.2    18.8    90.5   -27.7   -94.0    30.8   -92.0
-25.2    -2.7    35.6   -61.8    82.2   -73.8    -2.4    44.7
 55.3    33.8   -16.6    14.7   -69.6    31.6   -73.1    40.7
 13.2   -56.2     7.3    80.2   -62.7    55.5    59.8   -32.2
 89.0   -56.3    85.7     8.9    -8.9   -98.7    32.5    61.0
  8.4   -53.3    81.1    13.0   -43.3   -69.2    70.2    12.8
-23.0   -87.6   -75.9   -76.1    33.7    44.5    63.8   -59.0
-54.0    52.3   -94.4    57.2    93.0    77.1     2.5    25.6
 54.5    65.2   -87.4   -47.5   -70.7   -77.3   -40.9    91.8
 38.4    41.7    46.2   -26.3    19.5   -25.0   -32.0   -30.3
-14.8    12.9    87.6    -0.1   -44.0    -8.6     6.3   -45.0
-34.9    98.1   -25.0   -63.9   -79.0    74.5   -60.3    68.4
-74.1    -0.1   -87.6    46.1   -63.8    56.0    62.7    55.3
  3.5   -73.8    20.1   -47.8   -87.0   -87.2   -14.6   -51.6
 33.0    34.1   -53.3   -82.8   -87.1    98.3   -89.6    50.7
-54.7    31.2    -3.5    56.2   -74.9   -71.9   -95.4   -86.2
-48.3   -67.6   -16.4   -45.8   -81.9   -63.2   -93.0    59.3
 59.4   -60.0    73.4    28.2    77.6   -91.8    48.3    -9.2
 81.8   -65.4   -66.2   -19.6   -47.9    73.3     9.3    56.2
-62.7    84.6   -77.9    63.5   -20.7   -70.3    48.7   -70.3
 -1.9    27.2    -1.0   -49.7   -73.4   -20.9   -22.2    18.2
-34.6   -88.4   -14.7   -19.9   -53.5    57.0   -67.5   -48.5
  7.2   -58.9    11.5    34.1    95.2   -49.1    32.0    16.5
 -1.5   -51.0    21.4    -8.5    54.6   -79.9    16.1    54.9
-30.7    -4.7    69.6    37.9   -86.7   -42.2    98.3   -44.0
-52.0    89.9   -51.3   -51.2    42.9   -63.8   -39.5    49.6
-63.9   -27.9    85.7   -37.2   -18.0   -59.1   -51.8    72.6
-89.9    -7.6   -45.8    11.6    -5.6   -17.3    -2.5   -74.2
-96.9    18.7    11.8   -90.0   -13.6   -26.7    -1.0    31.0
 -8.3   -18.5    86.1   -47.2   -59.7    14.7    20.7   -14.8
-56.7   -95.9   -35.8   -94.2    88.2   -57.8   -43.2    63.6
-53.4   -34.2    72.6    98.6   -20.9   -89.1   -24.0   -77.7
  9.6   -90.5   -45.5    62.6    82.5    35.6    -9.3     1.7
 84.7    10.3     7.8    62.6    55.9    51.5    33.1    39.2
 34.2    83.9   -27.2   -30.8    16.5   -58.9   -78.8   -67.8
 41.2   -25.6    23.1    94.3   -21.1    40.6    -1.8   -70.8
-87.3    83.6    83.3   -80.3    -3.7    33.6    22.1    56.0
 32.3   -42.9     4.5     4.1    60.7   -87.6   -91.9    36.0
-67.9    68.5   -66.5    82.5   -46.3    -3.9    32.4    63.4
-19.6   -83.4    96.4    12.0    38.5     6.4    76.4    18.8
 80.8   -67.8   -61.9    39.8   -32.7   -20.4    55.6    18.0
 14.4   -50.3    59.8    42.5    15.0     1.1   -62.4    49.1
-52.8    -3.5   -47.7   -67.2   -24.4    54.7    16.4   -57.4
-42.1   -47.5    52.3    18.8   -69.0   -67.6   -18.8    81.8
-68.8    -1.3    29.9   -90.8    71.9   -65.5    40.9    96.5
 77.3   -49.1    57.4    13.5    34.9    77.1   -39.2   -87.1
 96.7    85.2     5.8    93.0    11.9   -96.7    87.2   -68.0
-84.1    21.8    85.9    92.0   -31.3   -77.0   -65.8    85.6
-11.6    41.3    69.0    73.5   -95.6   -39.7   -64.9   -16.8
-75.0   -12.0   -59.8    72.2    -0.4    68.1    75.3   -58.1
-42.6   -85.9    13.6   -60.1   -43.7    76.4   -87.0   -30.6
-29.7    38.3    90.4   -39.8     8.4    15.0   -50.7    -1.4
-94.5    26.0    35.1    42.2   -13.7    29.7    17.6     8.7
-31.3    87.0   -62.5   -55.3    88.9    52.2   -23.9   -64.1
 74.8   -88.6    50.7    -0.2    57.1   -72.9    33.4   -93.3
-15.3    59.6   -92.1   -57.9    32.1   -26.0   -44.0   -11.4
 72.5     5.1    38.9    68.8   -44.9    68.9    -5.3   -31.8
 89.5   -65.3     9.9    42.8    45.0    76.0    55.4   -50.7
 -2.4    42.0   -43.4   -42.6    82.8   -10.8    28.0   -14.0
-43.1    33.6   -32.5    71.6   -28.9     1.8    59.6   -49.9
  0.7    52.5   -46.3    60.0   -24.3    21.7   -66.5   -22.5
-96.6    92.4   -30.4     0.9   -65.3   -84.0    89.3   -61.8
 -0.1    68.0     1.8   -55.7    14.4   -54.8   -57.0   -84.0
 91.7   -68.5    61.4    29.2   -12.0    -2.5    33.6    58.8
 26.3    68.4   -90.9   -26.3   -32.3    53.6   -30.8   -19.3
 28.7    25.9    -9.2    60.6    34.2    58.8   -30.2    14.2
-46.7    35.3    18.1    43.9    79.1    55.9    34.7   -53.3
  4.2   -52.1    74.5   -83.3   -50.6    83.8    57.8   -10.4
-16.5    96.7    43.4    22.1    45.9    79.5    88.2   -53.3
-42.8    95.1    -5.6   -85.3    38.9   -31.1   -24.1     0.1
-54.6   -90.8    13.9   -53.3    90.0    88.2     3.3   -88.2
 58.0     1.2    87.4   -95.6   -93.2     2.7    75.7    56.4
-11.7    71.5   -73.0    47.5    -4.0    71.0    90.2   -84.1
-89.4    56.5    90.4    61.4    78.5   -29.5    98.8    54.4
 95.7   -90.3    85.3    -3.7    93.2   -93.4    40.0   -37.4
 71.4    65.0   -89.1   -47.3    88.6   -82.4   -86.0    -6.6
 85.6    84.4    60.2    57.1    96.6   -78.1    -5.3    68.2
 27.8    85.4   -26.7    82.8    -3.2   -69.5    87.2    47.1
-96.1     2.6   -42.2   -71.4   -23.6   -96.2   -14.8   -40.3
-53.0     9.7    58.8   -46.2   -52.3    -1.4     7.8   -46.3
  4.6   -40.6   -96.3   -19.3   -78.0   -43.0   -67.2   -11.9
-42.7    -6.7   -80.4     1.5   -57.9   -47.0   -15.5    80.1
-22.1     9.6    95.1   -15.8    66.0   -95.3   -28.9   -95.7
-24.7    71.5   -78.5    41.2   -53.4   -66.7   -70.2    61.7
 93.8    53.0    53.8   -94.2    -7.4    63.6   -56.8    85.9
-55.2    58.2   -89.7    53.4    48.1   -41.4    -5.2    45.1
-39.4   -73.7    90.0    48.6     5.5    51.6   -55.3     7.5
 -5.5    65.1   -41.7   -84.3    68.3   -85.9    10.2    -1.8
-57.5   -15.5   -43.1    83.5    36.9    67.5   -83.3    85.1
  1.1   -61.8    62.4    -6.1    74.6   -12.6   -43.3   -26.1
 46.6    87.0    26.6     1.9    38.9   -25.2   -80.5   -63.3
 67.7    65.7   -69.5   -79.3    36.0    67.3    57.7    -7.0
-94.6   -77.6    54.3   -89.2   -13.2    55.5    82.7    43.9
-81.4   -10.3    14.4   -54.4    90.8    62.1   -73.4    25.1
-31.1    27.8    -2.8   -49.3    66.0   -17.2    96.0    30.6
-67.9   -84.8    74.2    70.4    50.8    13.7    94.0     1.8
-50.6    92.4   -58.0   -52.1    79.5   -29.7   -37.4    49.5
-67.6   -56.8   -77.5    96.5    67.9   -88.7    51.9    -9.6
 81.9   -49.2   -56.0    96.8   -53.2    93.0   -82.7   -52.0
 58.0    74.6    14.2   -64.2   -58.7   -38.9    17.6   -83.2
 -4.0   -25.9   -47.3   -34.3   -61.4    75.8   -70.0   -38.5
-95.0     2.8   -15.5   -82.1    75.6    78.6    29.8   -70.8
 42.7   -31.5    -3.0    86.5   -16.3   -72.0   -19.9    14.0
-35.2   -63.7    91.7    53.8    88.4    16.1   -58.1   -11.8
 90.9   -52.1   -18.0     7.6   -19.5    24.8    33.9    19.1
-55.2     7.7    52.4   -85.9   -61.6    62.4   -57.8   -49.0
-95.1   -50.6   -14.8     9.9   -80.8   -91.4   -53.6    31.8
 46.3   -51.2    63.7    47.8    32.3    98.4   -15.8   -14.6
-61.6    38.9     5.2    56.2   -38.3   -38.2   -17.3    38.0
-67.5    56.4     1.7    96.8   -35.2    74.3    95.0   -84.2
-23.9   -46.4    37.5   -61.3     7.3    61.1   -33.5   -74.2
 15.1    60.7   -98.4    95.6    90.1   -46.9    79.2    92.7
 74.8   -41.9   -56.0    23.4   -67.2   -40.0   -82.1    58.3
-80.9    51.5   -61.5    86.9    71.9    29.4    91.0    41.0
-12.9   -96.1   -94.6   -46.3    62.9    79.5   -16.1    -4.7
-61.0    44.3   -46.6   -61.4   -98.4    -2.0    84.4    93.7
-54.0   -67.1    67.9   -66.8   -60.5    54.1   -86.6    51.9
 53.3    -2.7    14.7   -86.5    49.2   -40.7   -93.9    92.5
 44.6    64.4   -73.4   -63.7    -9.0   -85.3     9.0   -69.7
-70.5    38.1     6.8    84.0   -17.0    88.2    98.5    79.6
-16.3   -55.0    12.6     5.8    37.8    39.0   -38.5    39.8
 92.5    58.2   -19.7    85.0    35.6   -37.8    41.5   -48.2
 33.1   -91.3   -87.6    64.0    24.6   -32.8   -29.5    93.4
-85.9    77.5    60.5   -93.9    -2.4    48.5    60.9    40.5
-32.7    19.7    93.1    -7.3   -30.9    65.2    77.9    30.3
 18.8     5.9   -12.9    88.6   -28.0   -30.9   -20.9    35.1
  1.7   -77.8    29.1    61.3   -90.4   -15.3    26.1    82.4
  9.9   -65.4   -41.0    19.5   -19.0    26.5   -22.4   -24.7
-92.5    37.6    -4.6    52.7   -19.7   -67.7    31.9    44.8
 85.6    63.0    35.7   -74.7   -65.4    20.6    62.1    15.1
  0.8   -15.1    -8.5   -14.8   -31.0   -26.9    -9.2     9.3
 21.3    58.2   -41.6   -57.6     6.5    11.3   -23.3    23.9
-14.6   -66.3    91.4   -34.9   -50.0    48.7   -82.3    57.2
 73.1   -80.1    94.0    63.4    92.2    89.2   -75.9   -11.2
  6.8   -57.7    13.8   -65.0   -73.2   -98.7    20.1    93.6
-58.6   -91.2    28.2   -19.0   -63.3    74.3   -88.8    56.7
-88.5   -31.1   -14.5   -34.1    58.2   -82.0   -28.3    19.7
-56.4   -32.5   -34.1     1.6   -13.6    78.6   -43.2    59.4
-71.4    24.1    -5.1    85.0    74.6   -51.8    -2.4   -60.9
-94.0   -37.4   -70.9    89.1     7.1   -44.0    40.7    -1.9
 93.7   -88.4    -7.3    21.7    64.3   -35.2   -30.1   -90.9
-56.7    88.6    21.6   -81.9    58.8    87.1   -64.9    69.7
 73.3   -25.0    17.3    -5.6    48.5    29.7   -67.3   -22.8
 83.2    69.0    61.0    92.8    92.0   -86.8   -90.6    91.9
 69.2    37.6     3.2    -0.2    72.4    52.2   -11.2   -24.7
 82.3   -45.8   -89.8   -56.9   -46.2    45.7   -31.9    51.1
-39.9    18.4    65.2    72.2   -54.2    79.5   -45.4   -84.0
 74.0    52.1    38.8    98.4    25.4   -62.7    26.5   -35.1
-96.6    95.3    78.0    77.5   -22.8    11.8   -70.5   -96.3
-24.0   -88.1     0.5     0.2   -94.9   -39.4    74.0   -73.9
-54.8   -32.2   -93.2    88.9    68.3    98.0   -58.9    20.3
-93.3   -93.0   -97.7    29.4    95.0    46.7    -0.6   -27.6
 47.3    72.4    98.6   -29.2    17.0   -36.1   -73.9    79.8
 58.0   -27.4   -23.7    12.6   -70.1    52.7    27.9    16.4
-95.6   -77.8    64.9   -82.4   -31.7   -58.2   -61.9    20.1
 38.1   -72.5    71.3   -40.5    86.1    63.2   -94.6   -71.9
-96.5    52.2    85.9    79.5    14.3    58.6    25.8    84.1
 57.3   -58.0    44.1    95.6    72.2   -57.5    53.9    27.3
 -8.5    35.3    24.7    93.8    12.4   -79.5   -55.0   -62.1
-23.5     3.4    51.5   -36.2    94.8   -56.8   -16.8    65.0
  4.6   -38.8    82.1   -69.3    35.9    44.4   -52.6    45.5
 -0.9   -15.9    52.8   -58.2   -24.3   -41.1    11.0    -6.8
 96.9   -36.3    51.8    39.0    -7.5   -40.1    13.6    68.6
-22.7   -73.6    12.8    88.9   -68.9    60.1   -95.8    73.6
 95.2     4.3   -86.6    49.1    87.8   -85.3   -58.7    46.0
-65.4    -9.9   -60.1    38.9    39.7    -0.7   -55.9   -68.6
  8.4    35.7    68.9    61.5    55.8    77.4    95.9    77.3
  1.5    76.4    94.8    85.1    96.1    66.0    46.2    26.5
 51.2    68.5   -74.0    63.8    97.6    27.3   -92.6   -82.3
 37.3    24.9   -77.4    68.3    70.2    92.9   -98.0    89.0
-29.9   -54.9   -31.5   -20.6   -49.0   -57.2   -75.6   -41.5
 37.5   -48.0    38.2   -36.1   -59.1    96.9    86.5     1.3
 -5.1     7.5   -49.7    50.0   -79.6    71.0    95.7   -64.0
-46.5    21.6   -18.8   -52.0   -41.5   -30.4    12.5    -2.1
-81.0   -53.8   -20.6    19.1   -38.5   -30.8    67.3    17.4
-52.6   -39.6   -91.3     5.8   -84.8    40.4   -37.9    19.5
  1.9    76.1    89.5    61.2    96.3   -12.9   -16.4    45.8
 41.2    49.7   -11.5   -44.8     1.6   -59.5    62.2   -10.8
-16.1    37.0   -64.9   -29.0   -41.5    23.9   -48.5    61.2
-89.8   -88.2    66.3    87.6     9.3    39.8   -90.6    17.0
-74.3    92.8   -38.4    -5.8    41.6    89.2   -86.9    60.4
 65.1    75.1   -97.0     2.3   -49.0   -90.7     7.6   -81.7
-97.1    14.8     2.2   -64.7    56.6    81.3   -42.6   -63.8
 90.3    70.2   -34.4   -53.7    13.8    56.5   -67.2    -3.1
 40.0   -29.5    15.9    94.2    57.5   -23.5    30.7   -54.5
-81.9    31.5    56.3     3.6   -56.3    50.5    92.2   -65.8
-87.3    16.9   -15.8   -17.6    31.9    16.7    12.7   -98.3
-78.2    38.0    10.5    63.5    97.0    94.9   -57.1   -48.9
-40.7   -16.1    67.6    88.5    46.2    49.5   -91.8    46.5
-57.7   -10.3    96.4    52.9    46.6   -96.3   -25.3    -6.8
-71.0   -54.1    17.5    64.0   -69.2    27.8    -9.4    23.7
 28.9    43.0    17.6    16.5    76.5    34.5   -58.6    45.3
-34.2   -55.0   -50.5    48.1    95.6    72.3   -40.2   -37.8
-32.6    27.8    21.4    55.8   -54.9    90.3    55.0    17.9
 84.7    53.1    30.2   -42.9    74.4    25.4   -95.4   -85.9
-88.7   -48.6    24.2   -81.3     1.6   -45.8   -86.4   -91.0
 79.1    72.9    93.3    18.0   -93.8   -31.9   -41.7   -57.2
-61.0    43.1   -58.4    44.3    74.4   -25.3    24.4    55.0
 46.5    62.6    -6.0   -46.5    26.3   -82.0    61.6    89.4
  7.0   -59.0    63.7    77.1   -60.2   -21.2   -91.3   -49.8
 76.4   -45.4    21.9   -54.4    26.8    78.6   -12.5   -16.8
-24.0   -24.9    74.4   -95.4   -85.1    32.7    74.1    61.3
-29.3    90.1    63.1    90.1    92.6    68.6   -28.7   -92.5
 94.7   -93.7    27.9   -68.1    21.3   -77.9   -49.2   -59.0
-58.3   -38.2    41.5   -75.7    74.7   -27.3    80.0   -68.8
 38.3    72.9    32.0    21.4   -65.6   -67.2   -53.9   -74.8
-93.4    75.7   -28.9   -13.5   -53.3   -83.2   -52.8   -22.4
 88.0   -91.5   -93.1   -96.5   -92.5     6.9   -93.7   -31.5
-58.6   -45.1    34.0    75.0   -71.1   -81.2     1.8    25.2
 61.1   -33.3   -13.5   -23.4   -22.4    48.8    67.3   -13.0
-78.8   -70.5   -47.6   -20.4   -13.3    89.1   -35.9     2.3
-28.2   -60.4     3.6   -85.2    33.4   -29.1     6.8    -9.4
-84.9   -39.9   -92.2   -93.0   -38.2    50.0   -52.2   -43.0
 19.3    24.7    -8.9   -29.3    52.6    72.7   -77.2   -68.7
 -6.4   -78.2    83.6    82.1   -85.8    63.2    72.1    95.7
-47.9    85.3   -14.5   -20.0    25.6     5.6   -25.1    54.9
-47.8    48.6     0.7   -75.7   -56.7   -55.8   -48.5   -15.4
-52.8   -70.5    34.2    95.0   -20.3   -60.5    82.1   -47.9
 11.2   -59.1   -45.2    68.0    74.0   -83.6   -67.0    -9.8
 76.2   -80.7   -96.8   -98.2   -55.7   -71.4    66.7    67.9
-39.2   -13.9    -4.9   -65.3    -1.4   -41.9    95.6   -85.3
-65.9    67.0    66.3     5.9     3.0    28.7   -18.3   -56.5
-89.4    71.6   -17.2    72.3   -71.0    -3.5     8.5   -77.7
 18.2   -79.7    98.3    26.8    78.4    90.7    38.6    88.6
 19.0    -1.1   -92.8    22.3    97.4     4.9   -63.3   -43.1
 35.0   -75.4    25.5   -34.2    96.5   -39.3   -77.3    87.2
-42.8    60.3    55.1   -71.2   -73.2     9.1   -29.1    22.1
 -1.3    -0.8   -41.3    68.2    30.7   -29.0   -33.0   -10.4
 58.4    -6.8   -62.7   -25.0   -49.9    13.7    56.2    29.8
 94.0    96.2   -52.2    37.8    74.2    -4.3   -69.3   -62.7
-38.0   -90.3   -47.2   -70.0    -3.8    57.0    57.4    37.1
 61.3   -70.7    24.3    -7.2   -33.7   -39.6   -39.4   -92.4
-87.6   -18.5    50.6    22.4    21.8    88.7   -22.2    89.4
 63.2    -5.0   -49.2    33.0   -55.0   -56.9   -61.5    59.1
-31.8    72.1   -23.6   -76.4   -87.2   -75.4   -55.5   -21.9
-13.1   -52.0    57.3   -87.7    86.4   -24.5    55.7   -38.0
-30.7   -56.8   -60.6   -11.7   -47.1    21.9    70.5    11.6
-83.6   -23.3   -17.0   -77.5    45.4   -65.7   -59.9   -49.7
  3.0   -81.9    84.6    93.1    27.0    52.1   -37.6   -15.9
 41.6    91.0    76.2   -36.5   -47.6   -69.5    -2.5    36.7
 12.0     4.3   -46.5   -53.3   -42.4    94.2    40.6   -73.7
-30.9    29.1    36.2    56.7   -19.4   -62.4   -53.7    95.2
 13.1    95.0    50.0   -80.6    56.1    -4.2   -31.8   -86.3
-53.3    68.7   -18.9    94.8    91.3   -45.6   -14.3    -9.8
 58.5    94.3   -82.7   -55.6    30.4   -53.0    16.7    11.2
 22.6    22.5    20.8    24.9    77.0    55.7    85.0   -23.5
-23.9    92.5    -5.6    33.3   -20.4   -48.5   -89.3   -68.0
 47.4   -83.3   -64.7   -98.9    82.9    34.5   -77.9    98.7
 53.3     4.7   -81.2   -43.2    95.8   -15.4   -22.1   -40.8
 24.9    20.6    -1.2    10.3    26.2   -39.0    21.5    98.3
-72.9    95.9    -1.5    33.2    15.1    37.5    80.6    33.5
-13.0    84.3    35.7   -75.4   -36.5   -52.4     4.1   -92.1
-96.1   -38.7    -1.7    40.7   -15.9    -7.5    87.8   -90.2
-41.4   -71.4    -8.6    -4.6   -11.6   -19.3   -24.2    43.3
 73.1    44.8    -3.5    61.8   -81.4   -72.8    -8.2    71.2
-92.3   -42.4   -56.1   -53.9   -27.7    -9.1   -74.7    28.8
 75.2   -39.0    -5.9   -15.6    56.3   -80.4    90.7    74.8
-88.6   -40.1   -41.9   -47.8    11.5   -23.0    93.9    35.2
 63.8   -24.3   -34.6    25.3    19.3    10.3     1.9   -73.8
 92.5    60.6    35.1   -82.9    60.5   -98.6    -9.9   -43.9
 15.7   -51.3   -55.6    76.4   -98.5    -6.2    34.5   -36.5
 80.4    33.8    80.4   -41.5   -24.2   -18.7     1.4    20.1
 71.5   -37.0   -32.6    31.3   -90.8    20.7   -70.9    66.8
  1.2    86.6   -34.3    15.7   -23.2    35.5    49.6   -70.5
-48.2    26.7    70.4   -60.9    68.0   -95.9   -79.1   -25.8
 70.2   -22.0    69.8    20.6    27.8    23.7     0.1    90.3
 87.4    52.0   -61.1   -31.2   -62.8   -79.2   -39.9    35.2
 -0.3   -10.9   -63.3   -71.6    40.6    57.6   -21.1   -39.6
-70.5   -23.2   -14.0   -33.9    69.2    59.3    97.4     3.1
-52.7   -78.5   -33.8   -31.4   -13.6   -73.3   -97.9    30.4
 -6.0    85.4    27.3   -81.8   -39.7   -49.6   -79.1    12.6
-33.7    35.9    84.0   -87.2   -11.8   -78.5    92.4    46.6
-25.2    89.8   -46.5   -53.5    28.7    54.0    -5.7    31.6
 10.1   -49.3    -2.5    71.0    74.4   -38.4   -59.1    94.4
-11.0    -7.0     5.6    -1.3    -9.7     6.7    37.8    75.6
-80.9    40.3    64.6    78.3   -51.7   -90.4   -68.6    86.8
-35.5    16.9   -86.1   -21.3   -44.8    33.6   -80.6    -2.6
 52.1    39.9   -90.0    83.8    62.9    21.4     6.4   -20.2
-49.1   -85.6    67.0   -13.5    51.1   -89.5   -93.6    69.3
-38.3    95.7     7.1    20.5    93.9    71.7   -92.2     4.0
 80.4     4.0     3.5    -1.7   -80.1    72.4   -81.3   -47.7
 58.0    43.6    26.4    18.6   -56.6    22.2    51.8    -8.4
 17.4    11.3   -74.6   -35.1   -63.2   -83.5   -11.6    70.4
-81.8   -91.0    94.5    37.9   -75.3    19.1    39.6   -74.8
-44.5    76.7   -43.6    90.4    90.2     4.6     0.4   -26.0
 94.8   -44.8    34.1    78.5    83.3   -13.7    32.9    39.2
 57.9   -73.5     2.1   -75.6    50.1    -3.6    97.1   -28.2
-94.7    -4.8    35.8    23.9   -43.4    19.0   -80.0   -13.7
 39.5    39.3   -57.0   -80.7   -84.5    98.0    70.1   -33.5
-64.3    19.9    38.3    -0.9    46.3   -90.6    91.2   -35.7
-90.8    24.8    97.0     0.2   -19.2    -8.6   -23.7    -3.8
-39.8   -71.7    40.5   -74.9   -69.5   -73.9   -17.9   -69.0
 34.6   -47.1   -30.7   -62.4    28.1   -60.8    -0.4    -8.2
 66.6   -53.4   -54.1   -73.9   -24.7    -1.3   -95.6   -82.4
 43.4    -6.0    32.3   -79.0   -86.6     7.2   -57.3    34.4
-81.1    -8.6   -59.1    35.7   -91.2    62.3    37.9   -75.0
 -3.6    83.1    17.8   -34.8   -72.5    88.3   -41.2   -44.2
 -2.5   -43.4   -30.0   -26.0     2.3    96.3    26.9    -2.9
 42.7   -34.9    68.9    69.5   -51.2   -92.2   -91.6     4.3
-15.9    52.1   -57.7     6.7    39.6    50.1   -24.8    62.3
-44.0    50.0   -60.0    33.7    56.9   -78.4     2.3     6.3
 94.5    -7.3    98.0    10.7   -98.2    16.8    -8.7    69.0
-36.5   -51.7    26.0   -86.1     4.5   -26.1    -4.7   -40.3
-88.3    -4.1    14.8     6.0    31.3   -89.9   -59.1   -20.3
  4.7   -62.1    31.9   -53.6    72.1   -25.9    96.5    61.9
  1.9    -0.3    96.9   -57.4   -49.8    45.1     9.7     8.4
-31.6   -51.1    63.4    53.4   -18.3    -6.6    83.0    14.4
-55.5    51.5   -21.9    58.3     1.7    26.2   -79.8    37.7
-31.6   -86.9    25.9   -94.3    30.8   -73.1    47.1    -1.1
 40.1    29.2   -71.3    51.9    62.2    -2.1    70.8    -3.3
-63.8    67.8   -97.5    28.8    18.3   -11.5    74.9    -4.4
 19.7    38.0    30.0    46.9    30.0    68.4   -27.2    92.2
-92.3    73.3    80.8    26.9    72.7   -62.6   -15.7     5.5
 47.9    77.5   -63.4    29.9   -65.1   -72.5    94.4   -46.9
-62.8   -30.0   -44.9   -93.5    37.9    -5.4    94.6   -40.6
 54.4    30.4    67.2    -1.5    35.5    -5.4    22.6    90.1
 98.8    56.6   -88.6    35.6    73.2    11.0   -88.1   -68.2
 51.5   -42.9   -73.1    23.5    54.6   -26.6   -90.7    38.8
-96.6   -13.5    19.5    39.7     4.1    17.3   -36.5   -16.5
 14.6   -25.0    -4.4   -54.8   -95.0   -56.8    45.6   -45.1
  9.7    -2.3     7.8   -97.6    -7.0    71.8    51.0    62.1
 71.7   -60.6    16.0   -10.2    43.4    52.4   -26.0    15.8
-84.4    70.3    83.0   -86.4    92.6    -4.0   -68.5   -33.3
 22.1    -4.8   -22.0    73.6   -17.1   -64.4   -10.9   -98.7
-78.6    11.9    31.2   -90.5    -9.0   -83.7    78.5   -69.6
-13.9   -98.3    55.2   -33.2   -40.4    47.7   -11.7    76.6
-56.3   -53.2   -58.2    32.0    70.3    35.7     1.6    22.5
-52.9    13.9   -82.6   -46.9   -68.2   -76.4    24.8   -84.2
 57.3    -9.5    41.2     5.2    55.9   -41.3    21.0   -58.1
-44.8    18.8   -82.0    53.7    89.5    10.7   -78.5    20.7
-88.9   -84.7    63.6    55.6    54.4   -25.7   -64.3    14.0
 59.8   -55.7    78.1     5.9   -82.9   -87.6   -27.1   -82.2
 57.4   -66.8   -95.7   -14.7   -49.1     1.7   -32.9   -26.2
 47.7     0.3    22.1   -37.0   -67.0    66.3    51.9   -45.7
 -0.2    25.2    58.7    62.4   -62.8    -2.5    58.7    96.0
-58.7    57.3   -89.7    64.8   -45.8    60.5    90.0   -92.9
 66.1   -16.5   -90.8    80.7    45.7   -18.2   -41.2   -22.2
 94.1    57.6     6.7    17.7    74.3   -15.0    69.6    66.3
-68.2   -69.4    13.2    37.9   -59.5    98.6   -98.1   -79.3
-78.4    72.4    -2.2    79.3    52.8    57.6   -65.8   -31.3
-20.2     3.6    25.3   -24.0    43.6     4.3    47.3    38.4
-87.1    29.1    86.6   -95.4    -1.6   -94.4    90.0   -56.6
 71.1   -11.0   -97.4   -38.5    21.0    -6.7   -81.7   -27.0
 31.5    54.5    60.9    48.5     4.9   -70.3   -22.8    39.7
-94.8    39.3    46.8   -59.6   -47.2    54.0     0.8   -87.6
 76.4   -31.9   -85.4    73.3   -11.1    59.0    25.1   -56.7
-26.0   -82.4    22.4    45.1    92.8   -70.4     9.5    39.6
 55.7   -60.6    26.6   -61.9   -11.9    21.9    13.7   -82.4
 43.1    38.3   -63.2   -33.8    98.7    31.4     7.6    74.4
-15.9    16.1    -5.9    27.4   -25.2    94.6    96.9     7.4
  0.3    71.0    93.7    -7.5    15.2    24.9    40.2    67.5
 34.0   -34.6   -89.8    -4.0   -67.3    -2.0   -66.7    92.9
-38.0   -74.8    84.9    63.8    95.8   -24.4    -1.8   -87.0
-56.6    16.7    69.2   -94.4   -85.8    93.4   -68.0   -41.8
-32.4   -51.7    66.0   -63.9   -24.7   -54.1   -74.0   -82.9
 74.6    76.5    41.4   -12.8   -71.6    55.0   -31.0    -6.1
 12.8   -33.8   -63.1    15.1    39.2   -14.7    90.1    41.5
 59.0    19.0    -8.4    74.9   -98.2    -9.1    -7.0   -83.0
-39.7    47.0   -68.0   -17.6   -52.0   -28.6   -13.4   -46.3
-13.8   -48.1   -39.4    32.3    49.8   -29.6   -94.1    50.9
 94.5   -58.2   -27.6    29.9   -98.7    12.5    34.7    93.8
-70.8    10.0   -59.1    11.6   -41.8    94.6   -38.5   -60.9
-71.2    11.6    96.4    84.6   -95.5   -31.8    23.4   -95.2
-41.3    -6.9    89.4     8.0   -90.8   -30.6     6.9   -92.0
-77.8    46.2    78.6    51.1    -3.8    98.0   -70.1    68.6
-16.0   -10.9    43.5    18.1   -15.0    92.5   -95.6   -65.9
-30.1   -56.9    10.9    20.0   -57.1    97.4   -93.3   -76.6
-66.2   -79.6    48.8   -44.0   -69.5   -27.3    74.8   -98.5
-37.1   -43.9    35.8   -89.3   -90.3   -28.8   -91.8     0.6
-68.9    95.7   -13.8    17.6   -76.9   -31.6    75.2    -0.9
 57.7   -25.8   -29.8    -9.6   -38.9   -20.3    28.5   -51.9
-65.8   -67.9    42.2    11.4   -65.8    13.5   -40.4   -21.3
-11.1    69.1    72.6    88.7    76.2    20.7    61.1   -68.8
-87.9   -59.2   -86.3    -0.6   -28.5   -15.3    84.2    10.5
 96.0    57.1   -95.9   -39.0     8.0   -94.8   -35.8    -1.8
-27.4   -22.5    78.4    12.7   -22.3   -71.9    46.6   -33.5
-53.8    21.3   -73.7   -70.2   -20.0    33.6    11.7   -91.3
 85.4   -10.5   -66.2   -70.7   -12.3    32.5   -11.4     9.7
-40.6    91.4   -74.5   -73.4   -89.5    50.0    12.6    39.5
 66.7    46.7   -77.3    12.8    77.2   -22.3    81.8   -42.8
-88.5   -95.7   -31.2   -65.5   -23.4    21.3   -52.8    -2.9
-66.2   -57.4    36.9    -5.9   -59.2    17.8   -39.4    55.5
 74.3    55.4     6.0   -41.6   -49.7     9.2   -50.7    87.3
 49.5     9.2    94.7   -51.0    -0.2    51.7    32.1   -61.7
  7.3    57.8   -38.7   -84.1   -29.0   -98.9    16.6   -91.1
-29.9   -75.2    94.3    47.3   -17.4    18.7   -88.5     0.3
-51.6   -44.0     3.3    -6.7   -43.9   -11.6   -38.5    -2.0
 70.9   -29.2    68.8    32.2   -10.5    17.3   -54.7    83.7
-53.5    -5.3   -17.2   -59.3    10.0   -11.5   -88.2    58.7
 83.3   -68.8   -11.7   -42.6   -33.9    16.8    37.4     5.2
-59.2   -32.8   -65.8   -84.4   -13.2    -2.8    -2.4   -33.5
 70.8    80.3    -8.8    16.2    83.2     4.0   -75.7   -61.0
 -1.9    20.2    -4.6    79.9    69.5   -69.3   -72.8   -20.4
-80.9    89.9   -74.8   -50.3    23.1    -3.9    52.8    67.5
 42.3    92.5    86.3   -57.8    70.1   -38.4    57.1   -92.1
-11.9   -98.8    -5.6    26.6    27.2   -12.3    86.1   -36.0
-27.8    59.8    65.0    14.2   -28.7    25.0     6.9   -82.4
-60.6    49.4   -32.8    29.4    57.8    81.3   -95.8    42.5
-41.0    19.8    73.5     8.1    65.9    41.4    80.9   -72.6
-39.4   -40.7    14.5   -19.0   -55.6    58.0    39.9    38.1
 26.2    72.2    47.3    53.6    15.9    82.9   -44.4   -10.4
-32.7   -34.1   -92.3    58.0    32.0    51.5   -44.5   -33.7
-68.2   -83.9   -82.4    -3.4    72.4    92.6   -63.3   -50.0
 92.1   -83.5    63.6    64.7    12.3    66.8    86.3    -3.7
-88.2    54.5   -95.1   -59.6    89.7   -72.5    60.3    55.1
 89.3    57.8     6.5   -63.8    53.8     3.0    96.6    65.0
-14.8     8.8   -79.7    21.1    29.9    11.1    46.9   -30.6
 44.1    30.7    97.2    21.3    -3.3    37.8    -8.3   -88.3
 24.4   -69.1    49.1    64.6   -93.2    92.3   -53.9   -90.2
 94.3     7.6   -97.2    12.7    28.2    75.2    -7.4   -44.2
 53.0   -93.4   -64.4    65.0   -15.5   -56.0    90.9   -19.7
-72.7   -25.0    72.9   -14.9   -23.3    63.8    75.9    15.9
-43.0   -39.5   -43.4    65.3    29.9    76.6   -94.3   -60.5
-22.4    71.1    23.4   -78.8    16.1    27.8   -79.3   -82.4
-41.3    60.4   -44.3   -51.1   -65.5   -20.6    -9.0   -84.8
  4.9    70.0    26.2   -14.2     4.8    76.7   -70.8    44.1
-20.4    46.2    12.0    68.0    74.1    44.9   -14.4    -9.6
 27.8   -72.7    15.9    76.7     3.4    49.4    14.4    18.4
 12.8    -6.8    78.4    76.4    35.1    93.9     4.9    57.1
-73.1   -37.1    43.2   -18.0    17.2     1.9   -50.5     2.3
 50.6    70.5    53.3   -37.7    84.2    75.5   -64.3     9.1
-22.0    55.7    93.6    -9.8   -73.0   -24.1     5.9   -29.6
-19.0   -16.7   -38.6    -0.1    60.2   -89.2    66.1    -5.4
 75.2   -53.3   -19.6    35.8     0.4   -84.3    -7.2   -52.8
 40.2    19.7    23.4   -47.6    -1.3   -21.9    20.9   -27.3
 25.2     2.5   -33.6    22.1    45.6    35.6    76.7    45.5
 34.6    66.7   -84.2    19.0   -38.2   -28.5    94.0    51.2
-24.0    84.2     6.0   -46.1    15.8   -27.5   -41.4   -11.3
 41.5   -75.2   -68.6    50.4    -2.3    62.9   -35.4     1.8
-14.4    64.3    -5.4    23.1   -15.6   -42.4    65.7    63.5
 93.8   -16.3    -2.7    75.0   -55.7    52.6    82.4   -11.8
-52.3    44.2   -90.9   -15.3   -78.3   -92.8   -18.8   -12.4
 35.2    94.9   -96.2    31.6   -13.4   -35.2     9.1     6.7
 19.8    56.4    29.5    11.5    96.1    64.4   -31.0   -84.3
 51.0    79.9   -28.3   -95.4    72.2    47.8    -4.0    61.9
-27.9     9.3   -52.7   -77.5   -65.6    26.6    81.3    14.9
-24.3   -67.8   -13.9    57.9    25.7    72.2   -38.8    90.3
 60.2    23.0    44.6    89.6   -21.3   -10.5     5.2    22.0
 40.4    -8.6   -36.4    85.7   -64.2   -52.1   -29.2   -26.2
  9.5    93.6    86.1    26.9    28.7    74.3   -42.4   -62.0
 49.3   -67.8   -58.4     4.3   -87.2   -98.0   -52.5    45.9
 96.9     2.8   -53.4   -98.5    50.3    32.5    26.2   -53.1
 63.7   -76.2   -45.3    17.8   -96.0   -89.4    50.2   -21.1
 73.9   -98.1   -88.9    42.5   -36.9    94.7    18.0   -18.5
-75.7    77.0    62.6   -90.0   -23.9    54.8   -59.0   -23.2
 42.7    79.6    39.9    53.3   -94.9   -41.9   -71.2    59.3
  9.8   -92.9   -82.5    77.0   -34.6    49.9   -81.7    65.4
-90.5   -12.5    77.2    -6.4     5.8   -17.4   -55.7    13.9
-19.6   -79.6   -69.2    86.0    29.5   -92.3   -94.3     9.0
  7.8    54.1   -95.3    59.8    86.5   -11.1   -27.5    56.7
 17.4   -83.2    63.5   -19.3   -18.4    42.8   -52.2    57.4
-48.5   -95.0    -2.0   -43.2   -85.8   -66.9   -61.8   -58.5
 91.8    73.0   -27.3   -36.8   -91.9   -95.7    43.0    59.3
 81.9     1.5    80.3   -22.7    79.8     9.4    31.0    96.4
 93.1    11.0   -46.4    -6.4    15.7    72.5    59.8     8.3
 -6.5    27.9   -11.4   -60.7   -76.2   -35.6   -83.0   -17.7
 85.9   -29.2   -46.8   -11.1   -53.2   -61.2   -67.8     4.9
 -8.9   -30.4   -16.5    68.8    94.7   -44.4    97.6   -12.2
 48.3    26.3    55.7   -35.0    60.7   -67.2   -88.0    88.4
-76.5    44.4   -21.5    21.5    24.6    -7.7    73.9   -84.6
-93.1    29.6    19.5   -62.9    49.8    -5.0     2.1   -17.0
 90.8   -91.4    16.9    87.9    -3.0    65.4    75.0   -20.9
 64.2   -19.5   -43.2    12.2     9.1     3.6    64.6   -13.9
-48.0   -86.7    44.2   -80.0    26.5   -72.1   -78.7    82.7
 45.8    36.2    49.7     3.5    62.4    67.5    30.5    -7.8
 78.8   -87.7    24.9    -8.1   -69.4    77.2   -16.3   -27.8
-64.7    -2.1   -78.4     9.8   -19.4    20.7   -59.3    93.6
-67.3   -24.2    28.5    86.9   -96.8     4.6    38.0   -90.4
 74.1    20.7    68.0   -63.9     5.3    44.9    58.4    49.5
-29.9    -6.7   -78.6    -8.5   -86.3    70.3    63.7   -30.3
-30.9   -68.6    80.4   -40.1    13.1   -54.1   -72.0    16.3
-60.1    25.0    42.4    18.5    16.5   -21.2    19.4   -20.0
-63.0    30.5    97.7    40.4   -59.0    13.4   -20.7    28.8
 82.5    80.9   -20.0   -92.0   -32.7    63.2   -41.6    69.9
-69.6     8.3    63.1    58.8    61.3   -70.6   -40.7   -14.0
-22.0   -40.0    77.3   -10.5   -77.3   -44.6   -21.7   -21.2
 13.6    15.7   -55.1   -89.3   -74.4    35.4    98.9   -42.4
-51.9    19.6   -15.0   -65.8   -64.7    79.3   -17.5     1.4
-36.3    76.0    75.2    21.8    52.2    41.4    40.2    12.8
-97.7   -74.0    88.7   -38.2    47.2     0.4    86.8   -86.3
 88.5    44.8   -29.7   -52.0   -42.0    14.3   -56.3   -43.2
-56.3   -91.5    26.5    84.4    34.3    -2.3    86.7    60.7
 34.0    82.7   -97.6    38.2    93.0   -38.5    53.8   -64.5
-82.7   -50.7    17.0    85.6    -4.9   -97.4   -74.6   -88.9
-30.3    74.0   -57.0    75.9    29.5    28.1   -23.2    72.8
 93.6   -27.9     9.8   -14.1    89.6     2.6   -27.0    90.2
 56.7   -26.8    46.4    14.2   -62.6   -65.2    51.2   -12.4
-49.1    33.2    73.2   -97.1   -23.7    95.7    80.4    -7.1
-64.5    20.0     9.2    -1.0    75.6   -74.1   -43.6   -30.8
-15.5    87.9    20.5    93.0   -55.4    41.8    50.0    57.7
-15.7     1.4    17.8   -27.0    72.0   -67.3    64.1    43.9
-24.9   -62.6   -38.6   -51.3    87.5    97.9   -82.8    40.8
  0.7   -11.7     5.0    91.0   -71.6   -51.3   -39.9   -16.3
 -1.3    -2.6    83.7    37.0    29.9    26.4   -29.5    74.6
 48.8   -45.8     0.4   -57.3    37.0    76.8    28.0    19.8
-27.3    55.4   -62.9    -4.6   -84.6   -53.4    61.9   -14.1
-65.9   -57.9    41.7   -74.4    82.3    27.1   -45.7    32.8
 65.6   -50.9     5.8    76.3    59.4   -44.3    -4.5   -38.4
-37.4     4.9   -84.1    47.3   -57.7    45.8    45.1    79.7
-88.0   -64.9   -10.3    88.0    31.5   -69.2    15.3    74.6
 31.3    59.7    81.5     0.3    85.0    -5.3   -85.0    82.1
-39.9    55.8   -90.1    48.7    68.8    79.9    85.3   -14.2
  2.5   -86.0    27.7   -51.9    85.0   -92.4   -40.6   -28.6
 79.6    51.0    57.2    30.1    58.0   -38.3    71.5    37.3
 -5.6     4.1   -58.8   -33.4    78.9    64.9   -77.9   -45.5
 45.2    -2.0   -18.3     8.6     2.9   -13.0   -24.8   -75.6
 76.7   -46.2   -23.8    15.5   -41.2   -32.4   -26.5    47.2
-43.7   -54.9   -31.5    57.3   -35.4   -84.3     9.6    70.0
 85.4    88.1   -43.3   -51.2    71.6   -79.8    94.1    30.3
 14.7   -10.5   -52.1    95.6    47.7     8.6   -87.8    70.1
-21.5   -52.1   -60.1    62.5   -28.9   -58.3   -45.5   -23.2
-29.7   -80.0    51.2    73.5    27.0    26.1    78.1   -27.7
-21.0   -10.5   -17.9    33.8    -1.9   -14.4   -71.4   -24.3
-54.0   -68.8   -28.9    66.3    51.9    37.6    15.5    11.9
  9.9    -1.3    19.7   -54.3   -41.1   -24.6   -36.1    99.0
 79.8    -0.9   -23.5   -19.1   -13.6    64.3   -58.0   -53.4
-32.2    95.1    92.3    16.1    25.9   -54.6    52.6    26.0
 29.5    19.5   -68.0   -50.5   -70.9    97.6    40.4   -96.5
-21.8    80.6    34.9     6.8    93.2   -16.9    37.5    46.3
 -5.1   -92.1   -46.0   -42.0   -51.1     5.7    12.4   -87.2
 63.6    48.1    65.7    50.2    57.7   -28.1    86.5    60.3
-73.4    35.4   -43.8    -0.2    43.0    72.4    18.5    10.1
 27.7   -61.3   -62.0    25.1   -39.3    69.1    -0.9    91.9
 11.1   -52.6   -17.0    -8.7   -49.0   -41.3    28.9    93.3
-12.4    76.0    93.2   -97.6   -26.0    85.3   -90.3    59.0
-69.9    89.6   -36.0   -19.4    74.1    40.8    12.3    94.4
-21.3    44.4   -51.8   -46.6   -76.8    47.4   -10.6    73.7
 32.9    10.7   -15.3    81.3    68.5   -79.2   -10.6    34.0
-15.1     1.1   -17.9   -71.4   -50.3   -81.8    71.1    79.7
 18.6    65.0    13.4   -48.3    22.6   -79.6    92.6    29.1
 83.2    25.9   -28.7    13.9   -77.2   -43.6     3.2   -68.5
 -9.6    11.3   -41.6    70.0    49.6    -5.1   -19.9    67.7
 96.2    89.1   -40.3   -51.4    -5.6   -15.4     0.5   -35.3
-95.8    22.9   -92.0   -76.0   -83.3    88.6   -17.2   -97.7
 32.0    40.9     4.7   -40.8   -94.2   -44.2    97.2   -66.8
-55.7    53.3   -22.1    29.9   -24.1    13.6   -74.6    82.9
 94.6   -46.4    24.7   -79.1   -67.9     3.9    27.9   -10.2
-18.7   -87.1   -55.0   -40.7   -31.0    66.0   -97.7    16.7
  6.4    34.6    77.5    12.4    59.8    11.8    93.3    30.1
-72.2   -23.9    49.0    93.3    40.3   -76.6   -83.3   -23.1
 14.0    70.6     0.5   -28.7    41.7   -92.0   -44.8    58.9
 29.3   -48.7    14.9     4.7   -47.3    57.7   -23.5    57.1
  7.8   -53.6   -72.3    80.2   -56.0    55.9   -87.4   -74.2
-70.5    12.1   -56.6    85.0    57.1    65.0   -95.5    34.9
 11.2     0.5    -4.2    -8.4    -4.3   -49.5   -83.1    76.2
 47.5   -65.1   -96.9     0.9    34.6    41.9    37.5     4.2
 82.5   -76.6    87.9   -95.9   -25.6    79.9   -32.0    53.7
 41.6   -20.2   -15.8   -76.6    67.3    21.3    31.5   -25.6
 14.9    37.5   -54.2    67.5   -96.6   -73.4    51.9    90.9
 84.0    44.1   -90.2    10.7    63.2     8.7    17.7   -43.5
 -1.4   -44.8     5.6   -33.3    50.0    87.3    49.2    39.6
 75.4    72.7    79.2    17.9    79.0   -70.4    55.7   -24.9
 12.3    -8.6    53.1    71.4   -67.8    51.5   -51.2    25.0
 85.0   -29.5    74.7    39.7   -83.3    90.3   -75.7    64.3
-63.0    80.9    97.8    78.1   -30.2   -59.9     5.7   -67.3
  8.7   -79.4   -50.1   -53.0   -64.9    80.9    87.8   -38.5
-18.5   -44.9    23.4   -31.3    13.0    15.7   -97.3    60.6
 25.2    66.2    96.8   -74.3   -82.4   -88.4   -46.1    74.7
-67.3   -13.7    90.8    41.7     4.6   -21.4   -14.8    -3.7
 36.4    28.7   -45.4   -40.1    82.7     7.6    23.9    20.3
 73.4   -21.2    34.7   -51.0   -90.3    -1.6   -12.8    78.2
-48.9   -42.8   -62.9    76.0   -58.0    75.3   -57.4   -42.2
-90.5   -27.5   -31.1    40.3   -15.2    84.0   -66.7   -76.7
 10.6    63.8    73.0   -14.1   -27.2     9.6    93.3   -97.4
-34.3    65.5    74.2    52.3   -13.7    -5.9    91.7   -60.5
 77.2    79.6   -97.0    28.0    41.7    18.6   -91.7   -75.5
-39.3   -84.5    87.5    82.1    -8.4   -21.8   -49.0    88.9
 30.3   -63.1   -53.5    84.5   -79.5   -42.8   -45.3    28.5
 18.5    14.9   -40.5   -58.9   -31.1    26.4    92.0    38.8
 84.9   -21.1   -79.1    15.1   -67.9    66.7   -55.1    -4.1
 85.5   -84.2    49.0     3.5   -10.0   -49.1    90.8   -10.6
-27.1    51.0   -34.5    88.7    31.9   -24.0   -55.7   -21.5
 58.3    74.5    84.8     8.3   -30.9   -87.8   -93.1   -31.5
 33.4   -43.1    23.2    32.4    -2.0    89.5   -67.5    70.9
-17.6    79.0    -3.3   -76.0   -25.1   -22.9    -3.1    28.9
 18.5    -8.0   -83.4   -63.5    -2.1   -85.9   -96.6   -52.1
-20.9    15.2    90.3   -76.7   -43.4    72.8   -19.6    29.3
 81.6     9.1    73.5    32.1   -79.1     5.3    27.1   -11.4
  8.6   -59.0   -86.8    76.3    21.9   -22.2     7.4    33.2
 29.7   -24.9     6.8    67.3     3.1    68.4   -27.2   -94.8
-60.9    -7.2    72.6    62.9   -18.0   -23.3   -31.9   -27.3
 45.9   -91.3    27.0   -32.8   -21.5    -3.7    60.6    64.8
 79.7    63.3    22.2   -62.9   -16.5    -7.2    31.0     3.9
-30.5   -51.8    18.8    57.8    25.5     3.0   -95.0   -82.3
 54.1   -14.6    39.7    31.4    25.6   -59.5    35.2    10.5
 62.4   -74.2    54.5   -79.2    81.9    77.0   -60.5    11.9
 82.7    46.1   -27.8    86.1   -45.4   -37.1   -40.0    48.6
-11.4   -26.8     1.5    -4.1   -31.3    90.6   -77.4    -6.7
 34.9    21.7   -16.7    44.4     7.4    -4.3   -18.2   -25.3
 66.7    34.3   -11.4   -62.5    18.5    79.6   -58.3     8.1
 -6.8   -89.0    32.1   -72.3   -11.9   -38.6   -86.3    34.7
  4.7    21.7    33.7   -12.2   -34.3   -38.2    -3.6    46.1
-55.0   -70.8   -63.1    47.2   -19.8    69.0    88.3   -23.5
 32.2    -8.1    53.4     0.8   -84.7   -79.9    21.8   -78.5
 20.9   -57.0    91.5   -45.3    -9.1     4.0    22.7   -10.9
 72.5   -79.4   -62.6   -93.4   -90.2     9.6     8.2    59.3
 14.8    48.1   -85.7    25.0   -17.3    79.7    65.6     2.1
  7.1    10.0   -67.3     8.2    35.1   -97.1     6.9    57.6
-97.0   -32.6   -49.3   -89.8   -59.0    41.0   -50.0    36.0
 -7.3    52.0    21.7   -34.9    12.2    19.5   -10.2    65.3
-73.8   -34.7    33.4   -92.0   -30.2   -28.9    11.3   -37.1
 45.8    86.0    86.6   -80.7    49.3   -11.9   -58.6     1.8
 -8.2   -24.6    88.4    50.7   -74.1    12.4    18.6   -47.5
 25.5   -90.8   -70.2    61.5    74.2   -60.5   -50.8   -76.6
 18.3   -41.9   -96.2   -83.2    22.4    86.6   -16.5    25.7
 34.6    31.2     4.4    62.3   -66.9   -26.2    69.2    80.1
 45.2   -55.8    36.4    21.1   -25.8    65.3   -26.0   -46.4
-79.9   -93.3   -26.4   -34.7   -64.8   -30.3    95.9   -37.3
-43.7    34.9    83.3   -59.5   -84.3   -55.8   -69.0   -65.6
-75.6    -5.7    30.8   -37.5   -61.0   -92.2   -36.0    69.5
 35.0     0.2   -22.7   -79.2    84.1   -72.5    77.8    12.9
-45.9    35.8    37.0    22.1    22.4    -0.6   -67.9    41.5
 80.7   -53.7   -17.4     9.6   -34.7   -20.3   -73.7   -38.5
-18.6    11.9   -21.2   -80.4    21.2   -29.2     1.9   -24.7
 -3.4   -56.7    65.2   -51.1    79.5   -17.8   -40.2    97.4
 -7.1    16.7   -16.0    59.3   -47.3     6.3   -86.8    20.4
-52.1    27.3   -27.0    18.5    72.8     6.6    -5.5     4.3
-69.5   -29.1    25.1    53.1    56.8   -62.8    62.1     6.4
 13.9   -29.7   -64.5    72.3   -29.9    42.2   -66.8   -29.1
-20.4   -91.7   -91.1   -61.1   -23.0   -37.7   -20.7    94.8
-70.1    35.0    93.9   -51.5   -32.6   -11.1    94.3     9.0
 20.0   -48.0   -40.7   -26.7    88.2    68.4   -70.6    15.4
-60.2   -30.8   -46.3   -11.7    56.0    -0.8    92.6   -54.6
 49.9   -85.0    93.8    84.7    95.6    13.1    75.4    30.5
 41.4     0.4   -52.4    24.9    33.5    51.0    -2.5   -70.1
-94.3   -11.7   -20.8    32.0   -31.4    92.9    47.4    13.3
-50.9   -55.7    31.8   -49.6    76.5     2.3    17.9    28.5
-31.6   -57.2    95.0    25.0   -34.1    92.7   -91.4    37.1
 -0.1   -30.1   -58.1   -33.8    81.5    89.6    41.0    92.4
 53.3   -68.9   -73.5   -98.8    -8.1   -57.5    47.2     9.4
 74.9    -3.2   -40.8   -14.3   -66.8   -19.4   -76.3    26.3
-78.5    42.0    79.9    16.2    44.0   -65.0   -79.0   -86.3
 53.3   -87.9   -84.8    51.1     4.6   -27.0    49.5     9.8
-47.9    23.7   -68.0    90.1   -42.5    74.6   -39.6    40.3
-91.4    43.2    52.9    85.4    29.0   -10.0     1.3   -23.7
-79.1   -59.7   -61.8   -23.9     3.5   -22.5    37.6    60.2
-83.2   -76.7    -8.1   -62.1   -88.0     8.0    51.1   -63.9
 94.8   -35.6    32.9   -20.4   -54.6    27.3    59.1    15.2
-42.8    80.4    50.5    37.8     2.0    58.1   -30.7   -16.9
-12.1    95.8    84.1    -7.0   -62.8   -49.0   -89.3    47.0
-26.5    -8.5    38.4    31.0     9.9    69.6    65.3   -47.3
-95.8    30.3    90.1   -74.1    40.6    70.6    26.1    86.3
-75.9    98.6     7.4    51.0    13.3   -25.1    38.3    72.6
-19.8   -34.8    46.3   -90.2    13.3    67.4   -18.3   -58.6
  0.4   -73.0    55.1    24.6    76.1    23.0   -36.4    80.5
-25.5    75.2     0.6    29.1   -52.6    24.8    20.6   -89.5
 54.4   -38.5   -53.3    92.6    58.1   -17.5   -58.0   -42.3
-58.9    68.7    85.6   -97.4   -32.2    34.3    -5.5    29.8
-75.9   -67.9    31.1   -48.7   -52.4   -30.4   -42.9   -66.6
 63.8   -67.5   -11.5     4.2   -73.2   -46.7   -26.7    98.9
 95.4   -84.0    70.4   -53.5    15.8    96.6   -50.3   -37.6
-63.0   -38.8    50.0    94.2   -68.8    -0.2    73.3    41.5
 20.7    75.4   -84.4   -81.3   -38.8     4.0     3.1   -14.2
 44.6    27.0   -81.9    25.1   -64.1   -78.3   -98.9   -13.5
-40.2    74.7    46.0   -98.4    44.3    59.1    -2.7    47.1
 82.8    85.1   -75.0   -95.3   -58.6   -35.0   -77.0   -95.6
-45.1    15.9   -34.6    91.7    -7.0    97.3    69.3   -20.0
-43.6    59.8   -93.8    86.0   -77.0   -95.4    77.3    28.1
 32.0   -93.9   -92.3    42.8    40.6    68.4    -5.3   -28.0
 64.7     4.8    35.2   -40.3    76.2   -58.8    -0.2    70.1
  6.6   -82.5   -66.5    98.2     2.4   -96.9    21.8    18.9
 97.5   -81.3   -85.7    35.6   -73.0   -12.5   -24.9    20.4
 61.6   -33.5    29.8    53.8   -14.9     3.7   -60.0   -44.7
-22.1    91.7   -39.2   -33.4   -23.7   -51.6    37.2   -30.4
 47.2    76.2     3.6   -17.7    94.9    14.6   -61.0    44.1
 10.7   -58.1    64.5    35.7    75.4    98.4    37.0    20.6
-88.7   -19.1     2.7    -0.8   -12.0   -86.6    94.8    -6.0
-53.3    -8.6    41.5   -11.7    16.7   -30.3   -85.4   -29.6
 45.7    -3.1    77.3     7.6    76.4   -99.0   -84.5    -7.1
 57.4    66.5   -76.1   -54.8    91.7    58.2    94.9   -80.8
 88.4   -17.7   -25.4   -92.0    81.0   -31.9   -91.1    41.5
-59.0    63.1    75.7   -56.3   -88.0    73.3    -0.5   -18.3
-98.7   -67.6    71.1    13.0    73.8   -20.0   -61.9    34.3
-66.5    32.5    39.5   -84.8   -76.8   -62.0    98.4    32.5
 71.0    10.5    98.6   -89.5    80.8   -31.0   -98.3   -25.3
 17.9    -9.4   -57.2     4.2    51.7   -22.7   -92.3   -68.7
 87.4    13.3    50.1    -6.6   -78.6   -95.1    34.2   -48.1
 87.2   -79.0   -79.7   -51.2    37.2     3.1    82.5   -10.5
-26.1   -47.5   -59.7   -86.1   -77.6   -77.3    30.8   -64.4
 91.7   -63.4    43.5    28.7   -62.0   -44.2    21.7    85.4
 28.4    64.2    54.8   -16.9    60.1    98.6   -34.6    82.2
-67.3    56.2    94.3   -62.5   -24.9    44.0   -59.9    35.5
-46.9   -13.2   -58.3    72.5    43.4    46.9    62.4    73.3
-23.6   -39.9    -9.7    90.5    48.9   -15.9    96.3   -42.6
 16.7    80.8    40.7    55.7    -0.3   -69.1    98.5    74.8
-72.9   -38.0   -88.2    94.3    27.2    85.1    56.0    48.0
 53.6    63.1    53.4    65.0   -46.7    92.8    39.4     4.5
 22.8   -35.8    -3.8   -49.4    73.1    20.3   -57.5   -95.6
 94.5   -93.6    98.4    74.9    14.0    -7.0   -45.9    54.0
 65.0    54.1   -51.4   -31.6    62.7    59.6    43.2    63.1
-91.0   -45.1    71.0    91.6   -13.5   -15.8   -68.5   -17.5
-46.1   -10.1   -12.8   -51.9   -95.6    17.1   -95.2   -25.7
-11.0   -47.1     2.3    53.1    34.6    19.1    76.4    12.5
-66.2    37.2   -43.7   -55.7   -66.2    89.2   -43.6    79.2
 -1.3   -14.0   -63.4    -2.4   -29.2     0.9   -64.4    57.2
 55.6   -20.5    73.5     4.0    95.8    58.1   -66.8   -35.4
-54.0    13.2    68.9     1.3     0.6    33.3   -98.9   -19.3
 22.5   -93.1    39.0   -51.8   -81.2   -58.3    83.8   -28.5
  3.3    -7.7   -79.8    98.4   -94.1    27.3    32.5    26.2
-78.8    82.5   -44.1   -75.4   -57.3    79.0   -66.4   -10.3
-64.3    78.3   -72.2    74.0   -52.7   -32.8    96.3   -60.4
-53.0    16.9   -48.5   -11.4    23.7   -89.6    71.2    58.2
 44.8    95.4    85.4    -0.7    64.5    23.0    64.0   -52.4
 16.1    51.9    38.8   -80.0   -77.6   -62.2   -95.2   -73.9
 36.9   -54.9    64.0    52.0   -57.3    97.2   -39.5    46.7
-33.2    49.4    30.0   -86.7   -39.7   -48.8   -92.7   -26.8
-50.3   -18.3    66.0    37.7   -81.9    90.5    49.2   -79.7
-67.6    -0.3    30.4    60.6   -27.1    95.1    87.5    22.2
 46.5    87.8   -81.8    81.3     1.1   -98.4   -10.2    83.6
 39.3    95.5   -76.8   -80.6   -94.4    -4.4    -2.5    -5.7
-80.8    -3.6    -6.3   -14.1   -97.3   -78.2   -77.3   -69.4
 48.1   -67.3    65.9   -40.4   -44.0   -31.0   -18.6   -79.9
 89.6    95.9   -81.8    83.2   -63.7   -68.9    49.3   -97.7
-92.4    65.5    85.3    57.7   -25.1    33.8   -16.9    22.1
-67.9   -95.0   -37.5   -31.1   -15.3   -86.5   -77.6   -49.5
-91.2   -23.6    97.5   -13.1    75.2   -54.2   -80.3   -34.2
-68.8   -40.3   -95.1    77.4    67.0   -46.4   -17.2   -61.2
 50.9    69.7   -97.4    95.5   -87.1   -91.6    73.1     9.1
 80.4   -66.0    51.9   -49.9    51.6    19.5    -6.8   -55.1
-89.7    17.6    32.0   -54.3    67.8   -41.3    87.1   -14.3
-81.8   -56.4    13.1     7.4   -53.9   -58.4    53.4     1.2
 75.5    98.2   -76.2    55.3    70.1   -53.1    44.1    65.8
  4.5    80.0    58.9   -78.5   -40.9    88.1   -93.3    -5.5
-66.8     4.1   -43.0    92.1    46.9    22.7   -19.4   -42.2
-71.5    13.1    44.3    -2.8    -1.7    63.3   -56.7     5.1
-53.6    16.4    25.9   -31.3    56.2   -68.3    -4.9     1.1
 14.1    35.3    37.7    38.1    83.0   -29.9    35.5   -15.1
 64.4   -48.0   -47.4    40.1    29.3   -97.7    52.5    40.3
-70.7   -26.4    68.7   -43.8   -56.2   -61.4   -96.7   -71.7
 61.6    97.7   -75.5   -98.3   -40.9   -96.8    29.4   -57.2
 30.3    38.8   -38.4   -30.6    64.5   -48.6    73.3   -13.8
 26.0   -99.0   -43.8    55.9    92.5    96.7     3.1    27.0
-81.3   -13.0    97.5   -24.3    23.6    -4.1   -56.8    85.9
 18.8   -17.9   -67.8    81.5   -35.0    60.2   -86.2    92.2
-39.0    29.5   -85.9    65.4    15.7    28.0    53.6    -2.9
-58.7    31.2   -66.5   -96.1   -69.5   -22.4    97.9    11.5
-81.4    37.9   -87.7    78.5    79.8    -0.8    52.8    47.2
-68.4   -47.9    83.4    54.4    12.2   -47.4   -47.9    67.1
 -2.4   -74.9    96.4   -87.1    22.2   -26.8    51.3   -77.9
 86.2    50.9   -25.9    46.3    31.4   -20.0   -85.6    44.7
 65.3   -48.1    43.8   -78.6    58.9    52.5    81.5    42.6
-66.4    82.7    25.3   -31.7    85.0   -27.9    68.3    90.3
 56.2   -92.7   -97.4     0.6    40.0     5.7    35.7    48.0
-28.9    32.5    84.3     9.2    86.1   -17.0    70.9    65.2
 57.0   -82.2   -50.5    71.9   -15.6   -39.1    95.1   -44.5
 79.7    16.2   -98.2    45.7   -84.5    86.5   -69.6   -85.3
 -6.3    68.2   -26.5   -20.7    85.3    96.6    42.8    60.7
-16.7   -83.2    -5.2   -58.8     8.7   -15.6   -81.0    33.4
-91.0   -45.8    23.9    54.2   -61.4    26.6    93.1   -72.3
 35.2    33.4     8.8    75.9   -96.5    20.0    74.0    56.5
-33.0    87.5    49.3    61.8   -23.3    15.4     0.1   -91.6
-78.6    56.6   -27.6    72.2    26.0    -9.9   -57.2    27.9
-51.5   -34.4    64.6   -32.3    84.9   -82.5   -45.1   -44.7
  7.7   -37.7   -55.5   -25.3    67.1    35.1    45.7    96.8
  0.3    75.0   -77.4    65.2    13.3   -30.1   -30.7    69.6
-38.9   -12.9   -29.3     1.3    67.8   -47.2   -98.7   -88.0
 98.7   -74.1    36.0    85.0   -61.1   -46.2    -7.0    36.5
 82.9     5.2    84.8   -11.9    46.2   -79.6     9.3    96.7
-37.7    12.8   -81.2    -3.6   -86.3    17.6   -14.3    19.0
 24.4    65.4    55.5   -35.2    48.9   -35.6    -8.1    87.7
-84.9    33.1    78.4    93.6    33.8   -66.9    36.4   -45.6
 67.3   -60.9   -26.9   -48.9     2.6    36.4    -3.2    -1.6
 66.9    24.2    86.9    79.1    98.0   -70.3   -98.3   -28.9
  7.9   -35.4   -98.3    -0.8    15.0    36.6   -80.6   -48.0
 91.9   -40.6   -27.8    21.3    15.9   -11.2     7.0    93.6
  3.9    29.7    12.4    33.9   -58.0    20.4   -24.1   -82.4
 77.4   -92.5   -28.6    79.6   -91.0   -52.9    51.2    27.1
 -5.6    66.0    23.7    59.6    19.4   -43.5    -7.2   -28.5
  7.4   -89.3    -1.6    57.5    87.8    93.2    82.8   -83.9
-57.2   -80.2    90.9   -50.6    28.5    84.0     1.7    15.5
 75.7    75.5    60.2   -46.6   -13.5   -44.7     1.2    96.0
-72.5    46.5   -14.4    87.7   -53.8    19.5    19.2    85.3
-12.2    94.8    85.3   -34.8    40.2    98.7   -95.8    79.6
-93.4    55.7    28.8    19.5   -96.1    70.4    42.0     8.7
 49.1    34.1   -95.1   -91.5    66.6   -66.8   -35.0   -46.2
-28.2   -78.9   -73.4   -74.4   -71.4    31.6    16.6   -31.3
-55.4   -33.1   -15.2   -75.8    -7.9   -91.7    52.7   -10.2
 -6.7    16.6     5.7   -71.8    21.9    -6.9   -77.5    77.0
-96.4   -31.6   -30.2   -92.3    56.8    71.8   -54.6    -7.4
-29.0   -12.6    19.3   -15.7    52.5    12.4   -44.7   -96.8
 52.0     6.5    60.4   -62.5   -69.2    -1.0    10.7   -87.8
-91.7    16.4   -29.7    56.3     4.3    32.0   -40.2    38.5
-54.9    -1.3   -28.2    83.1   -85.9   -20.1    87.2    96.4
-49.0   -59.5   -45.8   -43.4    44.0    98.5    97.0    71.6
  9.7   -95.4   -64.5   -50.4     7.3    68.2   -84.3   -12.5
-10.3   -47.6   -65.9    37.6    18.5    79.1    95.4    19.3
 46.4     5.4    17.9    59.9    23.3    89.9   -75.2   -43.5
-81.1    51.4    47.6    49.3   -33.5   -15.3   -65.3   -25.0
-82.3   -57.0    63.9    58.6    23.1    72.3   -13.0   -25.3
 46.7   -53.4    83.2    12.1   -61.8    63.7    47.0   -45.3
-42.0    30.4   -87.1    92.7   -35.4    18.1    65.7    80.7
-60.0    -9.9   -94.1    69.6   -55.6    61.3   -43.9   -57.8
 90.4   -56.1    69.9    26.2    58.9    31.5   -24.5   -49.6
 -3.8    -3.2    63.6     2.3     1.0   -65.2   -75.8   -92.4
-85.8     5.6   -35.8    18.2     2.9   -53.4    33.1   -26.7
-23.6   -87.0    88.1   -44.2    -5.2    77.8    36.2    38.5
-20.6   -18.7   -13.4   -60.7   -50.3   -35.6   -14.3     2.0
-83.2    59.9   -80.2   -62.6    35.2   -47.6    42.2   -85.2
 27.2   -63.4   -92.4   -59.7   -37.1    35.2    66.7   -79.6
-24.6    81.9   -48.2   -66.8   -64.0    51.8   -90.3   -24.4
 39.0   -63.6   -51.6   -74.5    82.2   -42.5   -66.0   -89.3
 57.7    19.0   -73.8    46.9   -50.4   -81.4    36.7    -7.9
-14.9    85.1   -25.1   -86.7    85.0    47.2   -97.3    60.7
 -2.2    15.4   -50.4    72.4    49.1    49.7   -34.3    36.6
 -7.6    -5.2    77.6    13.8   -28.3    69.3    -9.1   -61.3
-52.5   -15.7   -46.1    83.7   -51.6    31.8   -63.7    50.2
  3.7   -72.4   -84.2   -33.3    33.4    15.0    34.8     4.5
-86.4   -55.5    43.0   -46.1   -22.9     7.6   -42.6   -30.0
-28.5    12.8   -24.8    72.1    29.2    38.0    60.2    83.3
 56.4   -35.8    12.8   -49.6     4.1   -57.9   -72.3    35.3
-31.8   -28.4   -91.7    79.7   -39.4   -40.8    34.2    -9.9
  5.4    20.1    79.7    55.9    89.1   -94.9    57.4    -9.0
 47.2    24.9   -54.9   -75.7    85.5   -11.4   -28.9    61.6
-42.2    93.3   -74.0    58.4   -65.7    63.4    15.0     5.8
-39.8   -95.0   -11.9    -5.2   -31.0    49.3   -28.7   -35.6
 -1.9    62.8   -26.6   -49.5   -87.5   -76.2    68.2   -60.7
  6.3     5.7    56.6    21.6   -97.9   -80.7    62.6    -4.1
 82.4   -48.0    17.4    49.4    -9.8   -72.8   -43.6     6.3
-15.6    60.9   -36.4   -66.7   -46.9   -87.7   -96.5   -59.9
-10.1    -0.2     5.3   -67.0   -94.7    56.8   -54.6   -41.1
 94.7    39.0    58.3   -27.9    54.0     8.3    11.9    -2.0
-22.1    85.0    -8.6   -86.5   -33.4    -5.3   -54.0   -53.1
-77.3   -47.5   -25.0     3.5   -63.1     4.0    71.4    41.6
 53.8    71.7    31.0    76.4    46.8   -98.1    56.9    57.2
-41.0   -57.4   -61.8    17.8   -98.8    17.3    74.2   -95.7
 -8.7     9.1    62.1    84.7    28.0    65.8   -76.3    81.7
 76.7   -50.9   -22.6    -6.1    57.3    94.9   -68.5   -36.2
 49.6    44.7    12.1   -70.5    -4.2   -57.4    52.1    85.1
-70.0    64.7     8.5   -24.8    36.6   -79.8   -40.9   -47.5
 54.3    -6.1    78.3    84.2    30.6   -46.8   -83.7   -62.8
 -3.7    52.8    65.9    13.5    -8.6    85.1   -12.9   -26.5
-27.1   -98.4   -93.0    55.8    18.1    49.6    65.6    33.2
 11.1   -24.2   -91.4    69.4   -55.1    29.3    50.7    -1.0
 89.7    53.8    69.8    79.9   -52.7   -51.8   -43.2    75.3
 64.2   -97.3   -89.3   -72.8   -10.1   -14.2    36.7    40.9
-95.0    18.2    -7.9    58.0   -23.0   -75.9    91.0    -2.5
 27.6    20.8    57.1   -71.8    11.2    46.9    90.7    89.1
 32.1   -29.8    73.0   -90.2   -51.7    13.6    15.7    24.6
 29.8    54.1   -58.9   -96.6    66.7    13.7    -0.4     0.4
 43.9   -38.2   -95.4    16.9    70.5   -91.3   -24.1   -27.2
-43.9   -66.1     8.8   -59.9   -78.1    47.4   -82.4   -29.5
 62.8    42.4    43.8   -97.2     1.4    96.8     4.8    21.5
 38.4    63.9   -45.7   -36.6    88.3     2.4   -38.9   -55.3
 58.1   -58.1    45.2   -48.9   -37.9     9.2    19.3   -98.9
 12.3   -80.6    34.1    98.4    49.7   -51.4    14.0   -38.5
 80.6    46.1   -97.2   -29.0    31.7   -90.4    66.6    70.3
-64.1    48.5    52.1    -8.9   -30.1    71.9   -26.7   -28.2
  2.2   -53.0    73.5   -97.3     4.6    49.8   -47.4   -14.8
 -0.6    21.0    88.7    61.5   -83.6    63.9   -81.8   -52.2
-61.1   -12.1   -88.5   -39.1    34.8    67.8   -31.6    50.9
-46.3    74.3   -41.6   -70.4   -27.1    76.1    82.4   -54.5
 57.6    -8.6   -91.0     5.6   -41.8    98.5   -81.2   -37.5
-19.5   -25.6   -47.4   -78.6   -74.4    20.3   -42.0    41.2
 58.2   -97.9   -23.8    -5.7    38.4   -21.1    38.6    44.4
 64.1    -6.1    93.4    90.1    77.1    39.2    91.3   -66.3
 36.4    21.1    78.8   -61.8     4.9    81.2   -62.4   -95.4
-25.6     0.5    28.4     6.0     5.0   -86.3   -55.8   -81.8
 78.4   -74.2   -20.3   -39.4    -1.4    37.3    52.7    92.8
 -5.3    -2.5    80.0   -45.7    -3.1   -48.0   -93.0    94.4
 79.6    13.3   -43.4   -62.4    -3.2   -17.3    31.6    97.1
  9.1   -33.0   -10.4   -72.3    79.0    31.0   -95.6     7.2
 -4.6    82.8    43.5    46.9   -51.5    -8.0   -57.0   -75.5
 72.5   -56.4   -11.8   -17.7    77.2    35.3    43.9    92.2
 15.5    30.1   -63.7    82.1    98.1    97.0     4.2    33.9
 38.8   -46.7    89.8    33.3    26.1    29.7    74.6   -27.0
-70.9   -35.5    94.2    24.5   -29.0   -68.4   -44.7   -27.7
-18.8   -30.1   -15.8   -63.5   -31.1    76.0     1.2    22.9
-74.0   -21.9     3.5   -70.6    74.2   -88.8    -5.0    13.2
-98.5    34.0   -29.7    84.7   -66.9    88.3   -22.9    22.8
-31.1    55.0    -4.8     9.9    -2.0   -57.0    86.7    78.3
 65.8   -29.5   -98.9   -89.2    46.5    75.9   -84.4    45.8
-89.8   -35.1    25.7    27.2    82.9   -72.6   -72.6   -44.2
 64.4    65.4    -6.6    96.4   -22.5    73.2     7.4   -38.9
 59.5    61.1   -11.7    14.4    59.4    29.9   -30.8    18.9
 31.3    79.8   -25.3    46.1    80.4    -7.7    -8.0    47.2
 79.6    70.8    51.0   -18.7   -93.4    -6.9    -3.7    79.6
 43.9    16.3   -90.4   -25.9   -36.5    96.1    69.0   -35.5
 22.1    18.3    18.8    97.4   -23.1   -21.5   -32.1   -25.1
 32.6   -34.8    16.9   -13.4   -96.0   -64.7   -12.0    -6.7
-45.9    67.9    34.0   -85.2   -23.2   -58.3    11.0   -98.8
 32.4   -51.9   -93.9   -42.3   -67.7   -31.5    58.7   -25.3
 11.6   -82.2   -50.4   -71.5    73.6   -93.5   -81.0    39.0
 62.3    79.3    -5.9     2.8   -44.5   -72.6   -51.0    64.6
 -0.2    -7.5    41.7    89.0   -82.2   -48.4   -50.5    29.8
 -4.3   -60.4   -84.7    96.6    89.6    91.6   -16.5   -64.1
 55.0   -33.9   -71.8    24.7    63.2    13.7   -68.0    40.4
 68.4    23.0   -44.2    59.1    17.8   -65.7    74.6     7.4
-62.8   -35.1   -18.5   -45.7     7.2   -21.9    43.0   -32.2
-25.4    76.6   -71.8    30.4   -41.6    -2.3     7.1     4.8
 56.1   -58.6   -66.0   -43.3    27.9   -19.8   -18.7   -52.0
 90.9   -47.8   -45.2    63.0     8.5    87.1   -89.7   -85.7
-78.4   -36.2    35.1    54.5    69.7    71.9     8.1    -4.3
-93.3    31.0    32.9   -10.7   -63.3   -94.2    15.4   -20.4
 51.1    25.0   -88.3    53.1    94.2    27.3    80.8    11.4
-26.7    35.2    64.1    -8.0   -76.9    61.3    40.8   -90.9
 49.4    47.6    -0.3    65.4    62.9   -27.9   -76.4    72.7
